BLEP 25 24 24 26 25 23 23 24 22 21 19 17 18 18
JOOG 24 24 24 26 27 29 29 31 29 31 29 31 30 31
GOLD 38 37 38 38 39 39 38 38 39 40 41 42 41 40
CKCL 26 24 22 24 22 22 21 23 23 25 25 24 24 22
JEOP 26 28 31 34 34 34 35 33 33 32 32 31 28 31
DALG 25 27 24 20 23 24 28 24 21 22 20 24 23 26
PNSN 32 31 30 31 32 31 31 31 30 30 30 29 30 30
MYTH 202 199 199 202 203 204 204 208 207 205 201 204 202 199
IMIX 27 27 27 27 28 29 30 30 29 28 28 28 29 29
YUKA 238 239 236 238 235 234 231 234 237 235 238 238 235 237
MARU 24 22 22 23 19 22 22 25 25 27 29 32 35 39
ASDF 73 74 72 73 71 71 72 72 74 72 74 73 74 76
FOTA 139 138 136 138 139 141 141 141 141 139 139 137 138 137
OBAM 24 22 22 22 21 20 18 16 14 15 15 16 16 14
GEEK 220 220 217 221 223 227 231 229 230 230 234 236 240 236
ZEOD 231 229 229 231 234 237 235 233 236 233 234 232 230 233
FANT 237 237 238 240 242 244 245 244 243 244 242 240 241 240
WOWY 149 152 151 152 156 159 161 159 163 163 161 159 158 159
SLVR 64 65 64 63 64 63 63 62 62 62 63 63 63 64